1299
1297
1296
1295
1294
1291
1290
1289
1288
1285
1284
1283
1282
1281
1280
1279
1278
1277
1275
1274
1273
1272
1270
1269
1263
1262
1261
1260
1259
1258
1257
1256
1255
1252
1251
1248
1247
1246
1245
1244
1243
1239
1237
1235
1232
1231
1230
1229
1228
1227
1226
1225
1223
1222
1221
1219
1217
1216
1214
1213
1212
1211
1209
1207
1206
1205
1204
1202
1201
1194
1193
1192
1191
1189
1188
1187
1186
1184
1183
1181
1180
1179
1178
1177
1176
1175
1174
1170
1169
1167
1166
1165
1164
1163
1162
1161
1160
1153
1152
1151
1150
1148
1147
1146
1145
1144
1143
1142
1141
1139
1138
1137
1136
1135
1134
1133
1132
1131
1130
1129
1128
1127
1125
1124
1123
1122
1121
1120
1119
1118
1117
1116
1115
1114
1113
1112
1111
1110
1109
1108
1107
1106
1105
1104
1103
1102
1101
1100
1099
1092
1090
1089
1088
1087
1086
1085
1084
1083
1082
1081
1080
1079
1078
1077
1076
1075
1074
1073
1072
1071
1070
1069
1068
1067
1066
1065
1064
1063
1062
1061
1060
1059
1058
1057
1056
1054
1053
1052
1051
1050
1049
1048
1047
1046
1045
1043
1042
1041
1039
1038
1036
1035
1034
1033
1032
1031
1030
1026
1025
1024
1023
1022
1021
1020
1019
1018
1017
1016
1015
1014
1013
1012
1011
1010
1009
1008
1006
1003
1002
1001
1000
999
998
997
996
995
994
993
992
990
989
988
987
985
983
982
981
977
976
975
974
973
972
971
970
969
968
967
966
965
963
962
961
960
959
958
957
956
955
954
953
951
949
942
941
940
936
934
933
931
929
928
927
926
925
924
923
922
921
920
919
918
917
916
915
914
912
911
910
909
906
905
904
903
902
900
899
898
897
896
895
894
893
892
891
888
887
886
885
884
882
881
880
879
878
877
876
875
874
873
872
871
870
869
867
865
864
863
862
857
856
854
853
848
847
846
843
842
841
840
839
838
837
836
835
834
806
803
788
713
700
679
673
672
671
670
669
581
554
537
520
519
517
511
509
508
507
506
498
487
486
480
478
475
469
462
449
443
442
429
427
425
423
419
417
416
414
412
410
409
408
406
405
404
398
396
395
394
393
392
391
390
389
387
386
384
383
382
376
375
374
373
372
370
369
368
365
362
361
360
359
357
356
354
353
352
351
350
349
348
347
346
345
344
343
342
341
340
339
338
337
336
334
333
331
325
318
309
297
296
293
292
290
282
281
276
269
261
260
258
256
255
254
253
252
249
246
245
244
243
230
229
228
227
216
215
214
213
212
205
204
202
191
190
189
188
186
185
171
154
